$ANSIBLE_VAULT;1.1;AES256
38393939313731663537613464363664653763376337303636383731353163353134623665616462
3336633233666164306263396332363735643936653561350a303132316132393831623634663635
31326561323331663431623938636637343064366639316232356635663636373532306237623261
3761663564303264640a373537623465316664653035333438366466336264333530653331323438
38376135333165383433643931363862323736656637666531316137386562653665356638623465
34643332393762393132376238333166313761346236616165663035333664363966396338303161
33663936313761636139383130656334653438323864616638323064336439346330383631646332
62613236346238626431346230303036363534343661366536663331393031663134336662396338
66386536393066303264366337316437656531633535313038343834633831383032653864383637
65376235343635343736643862383038313231313035653538623966616561393863313262333561
33323637376339383966623966663838656665613034316137346336323036396232666266306132
30323563343537616338336463636330383633616431396563333333383061343966336236653763
33316563313636316131353965353966336234626136323565313062333331626162336435636338
36393738393032646165343766623363653436333035343936623365303961396130303564663963
38363834343036633030306564616134653732666132383166656232623130316133383664633334
36613739363239653535333366396138646465346130663964396139373433303939643638353334
64343466363434303863623439663839343539333534353230343064613038383863396230656330
32626437666433353764393736313165636231623064343038353131376162383461346665623736
63316335633163366662353831636638663334616137656435303431316163356534623636326463
34383939636139383462393334323561656536323832623034613961303936623863383235613233
33376465663762643331336136333162616530373639646135373362633834316530
